6.10 82.28 20200901002701.00
6.22 82.26 20200831140121.00
6.46 82.22 20200831103256.00
6.64 82.27 20200831070414.00
6.88 82.23 20200831033558.00
7.05 82.26 20200830203827.00
7.05 82.26 20200830203827.00
7.62 82.14 20200830103717.00
7.77 82.16 20200830070822.00
8.02 82.13 20200830033948.00
8.11 82.10 20200829204253.00
8.32 82.04 20200829171401.00
8.89 81.95 20200829134557.00
9.36 82.01 20200829101707.00
9.43 82.07 20200829064637.00
9.73 81.99 20200829031829.00
10.19 82.03 20200828235003.00
10.35 82.05 20200828202014.00
10.53 82.08 20200828165123.00
10.74 82.04 20200828132318.00
10.89 82.05 20200828095422.00
10.97 82.10 20200828062544.00
11.02 82.14 20200828025648.00
10.97 82.10 20200827232841.00
10.99 82.12 20200827200013.00
11.55 82.13 20200827093446.00
1.97 81.71 20200907123902.00
1.97 81.71 20200907123902.00
1.85 81.73 20200906225337.00
4.44 82.02 20200902032529.00
4.56 82.00 20200902000048.00
4.69 82.00 20200901170931.00
4.87 82.07 20200901065232.00
4.86 82.05 20200901032746.00
4.86 82.05 20200901000307.00
4.88 82.09 20200831173756.00
4.99 82.05 20200831141324.00
5.40 82.07 20200831074717.00
5.69 82.10 20200831012203.00
5.82 82.10 20200830215607.00
5.97 82.11 20200830183046.00
6.44 82.03 20200830114046.00
6.74 82.06 20200830081518.00
6.99 82.04 20200830044851.00
7.33 81.98 20200829215749.00
7.56 81.94 20200829153240.00
8.35 81.94 20200829090617.00
8.74 81.93 20200829023555.00
9.26 81.92 20200828231135.00
9.43 81.96 20200828194508.00
9.54 81.93 20200828162026.00
9.69 81.95 20200828125453.00
9.95 81.94 20200828092656.00
10.10 81.96 20200828060140.00
10.18 81.92 20200827200055.00
11.07 82.08 20200828224958.00
11.39 82.11 20200828183614.00
12.02 82.17 20200828054152.00
11.98 82.23 20200828012912.00
11.98 82.23 20200828012912.00
11.95 82.21 20200827211234.00
12.17 82.26 20200827082953.00
12.14 82.24 20200827041634.00
-1.32 80.01 20200922043719.00
-0.80 80.06 20200921214438.00
-0.59 80.10 20200921181959.00
-0.27 80.14 20200921113103.00
-0.27 80.17 20200921080325.00
-0.16 80.17 20200921043852.00
-0.16 80.17 20200921043852.00
0.16 80.21 20200920220929.00
0.05 80.23 20200920184303.00
0.16 80.23 20200920151844.00
0.38 80.26 20200920115400.00
0.38 80.30 20200920082800.00
0.38 80.32 20200920050222.00
0.49 80.32 20200920013721.00
0.71 80.39 20200919152143.00
0.83 80.43 20200919115712.00
0.84 80.52 20200919053127.00
0.95 80.56 20200919020624.00
1.07 80.67 20200918191140.00
1.19 80.68 20200918154439.00
1.20 80.78 20200918051806.00
1.10 80.91 20200917155412.00
-0.64 80.98 20200914111446.00
-1.13 81.09 20200914011156.00
-1.13 81.09 20200914011156.00
-1.25 81.14 20200913214539.00
-1.63 81.23 20200913145119.00
-1.63 81.23 20200913145119.00
-1.29 81.42 20200913042227.00
-1.29 81.42 20200913042227.00
-1.06 81.49 20200913005549.00
-1.06 81.53 20200912213113.00
-0.94 81.57 20200912180643.00
-0.44 81.60 20200912111726.00
-0.19 81.62 20200912074847.00
0.19 81.64 20200912042435.00
0.57 81.68 20200911213207.00
0.82 81.68 20200911180701.00
1.08 81.70 20200911110911.00
1.21 81.69 20200911073825.00
1.21 81.69 20200911041212.00
1.34 81.69 20200911004421.00
1.34 81.69 20200910211936.00
1.33 81.68 20200910175336.00
1.46 81.68 20200910142901.00
1.46 81.68 20200910080339.00
1.58 81.66 20200910043858.00
1.84 81.66 20200910011315.00
2.48 81.69 20200909051703.00
2.36 81.73 20200908120847.00
2.23 81.73 20200908084247.00
2.10 81.71 20200908051819.00
2.10 81.69 20200908015407.00
1.85 81.73 20200907160355.00
1.97 81.71 20200907123902.00
1.86 81.75 20200907054902.00
1.85 81.73 20200906225337.00
1.73 81.75 20200906160057.00
1.73 81.75 20200906123559.00
1.61 81.80 20200906054459.00
2.26 81.82 20200905085712.00
2.26 81.84 20200905052858.00
2.65 81.83 20200904222821.00
4.26 81.93 20200903094935.00
4.16 81.99 20200903032200.00
4.16 81.99 20200903032200.00
4.44 82.02 20200902032529.00
4.56 82.00 20200902000048.00
4.69 82.00 20200901203502.00
4.69 82.00 20200901170931.00
4.71 82.04 20200901134448.00
4.87 82.07 20200901065232.00
4.86 82.05 20200901000307.00
4.88 82.09 20200831173756.00
4.99 82.05 20200831141324.00
5.40 82.07 20200831074717.00
5.69 82.10 20200831012203.00
5.82 82.10 20200830215607.00
6.21 82.07 20200830150611.00
6.44 82.03 20200830114046.00
6.74 82.06 20200830081518.00
6.99 82.04 20200830044851.00
7.12 82.04 20200830012423.00
7.33 81.98 20200829215749.00
7.56 81.94 20200829153240.00
7.56 81.94 20200829153240.00
8.35 81.94 20200829090617.00
8.74 81.93 20200829023555.00
9.26 81.92 20200828231135.00
9.43 81.96 20200828194508.00
9.54 81.93 20200828162026.00
9.69 81.95 20200828125453.00
9.95 81.94 20200828092656.00
10.10 81.96 20200828060140.00
10.18 81.92 20200827200055.00
10.21 81.94 20200827163607.00
10.33 81.93 20200827131121.00
7.48 82.42 20200903021719.00
7.55 82.50 20200902044804.00
7.55 82.50 20200902044804.00
7.50 82.44 20200902003321.00
7.50 82.44 20200901201757.00
7.50 82.44 20200901160202.00
7.60 82.40 20200901114657.00
7.76 82.42 20200831185625.00
7.84 82.36 20200831143922.00
8.40 82.37 20200831060049.00
8.50 82.33 20200831014003.00
8.50 82.33 20200831014003.00
8.46 82.29 20200830212254.00
8.76 82.19 20200830125106.00
9.18 82.20 20200830083000.00
9.32 82.20 20200830041617.00
9.27 82.16 20200829194037.00
9.69 82.06 20200829152436.00
9.69 82.06 20200829152436.00
10.35 82.05 20200829111041.00
11.07 82.08 20200828224958.00
11.39 82.11 20200828183614.00
11.39 82.11 20200828183614.00
11.60 82.16 20200828142155.00
12.02 82.17 20200828054152.00
11.98 82.23 20200828012912.00
11.95 82.21 20200827211234.00
12.05 82.19 20200827165754.00
12.21 82.20 20200827124352.00
12.17 82.26 20200827082953.00
8.42 82.26 20200830170539.00
9.69 82.06 20200829152436.00
11.07 82.08 20200828224958.00
11.60 82.16 20200828142155.00
11.60 82.16 20200828142155.00
12.02 82.17 20200828054152.00
12.05 82.19 20200827165754.00
