4.18 82.02 20200831233310.00
4.44 82.02 20200831124114.00
4.70 82.02 20200831090429.00
4.87 82.07 20200831052820.00
5.11 82.03 20200831015540.00
5.28 82.09 20200830222135.00
5.54 82.08 20200830184702.00
6.03 82.02 20200830121154.00
6.31 82.03 20200830083659.00
6.66 81.97 20200830050217.00
6.89 81.93 20200829215611.00
7.02 81.93 20200829182401.00
7.38 81.89 20200829145147.00
7.89 81.88 20200829111703.00
7.96 81.95 20200829074310.00
8.09 81.95 20200829041105.00
8.63 81.95 20200829003747.00
9.00 81.93 20200828210557.00
9.15 81.94 20200828173155.00
9.41 81.94 20200828135955.00
9.71 81.97 20200828102604.00
10.02 82.00 20200828065359.00
10.15 81.99 20200828032154.00
10.19 82.03 20200827234844.00
10.30 82.01 20200827201555.00
10.63 82.06 20200827100519.00
-0.06 81.62 20200907142110.00
0.19 81.64 20200907104511.00
0.57 81.66 20200906212334.00
3.49 81.98 20200902042208.00
3.48 81.96 20200902004611.00
3.75 81.97 20200901173245.00
4.17 82.01 20200901064100.00
4.05 82.04 20200901030621.00
4.18 82.02 20200831233310.00
4.32 82.04 20200831161828.00
4.44 82.02 20200831124114.00
4.70 82.02 20200831090429.00
5.11 82.03 20200831015540.00
5.28 82.09 20200830222135.00
5.54 82.08 20200830184702.00
6.03 82.02 20200830121154.00
6.31 82.03 20200830083659.00
6.66 81.97 20200830050217.00
6.89 81.93 20200829215611.00
7.38 81.89 20200829145147.00
7.96 81.95 20200829074310.00
8.09 81.95 20200829041105.00
8.63 81.95 20200829003747.00
9.00 81.93 20200828210557.00
9.15 81.94 20200828173155.00
9.41 81.94 20200828135955.00
9.71 81.97 20200828102604.00
10.02 82.00 20200828065359.00
10.30 82.01 20200827201555.00
9.00 81.93 20200828210557.00
9.15 81.94 20200828173155.00
10.02 82.00 20200828065359.00
10.15 81.99 20200828032154.00
10.19 82.03 20200827234844.00
10.30 82.01 20200827201555.00
10.63 82.06 20200827100519.00
10.76 82.05 20200827025606.00
-1.51 79.89 20200922054325.00
-1.00 79.97 20200921200743.00
-0.89 79.97 20200921163903.00
-0.69 79.99 20200921131008.00
-0.58 80.03 20200921093940.00
-0.48 80.04 20200921060802.00
-0.37 80.06 20200921023957.00
-0.27 80.12 20200920231153.00
-0.27 80.17 20200920194347.00
-0.27 80.17 20200920161503.00
-0.05 80.21 20200920124626.00
0.05 80.27 20200920091807.00
0.05 80.28 20200920055012.00
0.16 80.28 20200920022152.00
0.38 80.36 20200919163600.00
0.49 80.39 20200919130805.00
0.61 80.48 20200919061003.00
0.72 80.52 20200919024144.00
0.85 80.67 20200918194419.00
0.96 80.69 20200918161558.00
0.97 80.78 20200918062134.00
0.87 80.89 20200917162717.00
-2.44 81.12 20200914101020.00
-2.57 81.16 20200914031112.00
-2.58 81.19 20200913234239.00
-2.59 81.25 20200913201419.00
-2.48 81.28 20200913164614.00
-2.26 81.34 20200913131749.00
-2.16 81.43 20200913062053.00
-2.05 81.49 20200913025153.00
-1.94 81.54 20200912232239.00
-1.94 81.58 20200912195404.00
-1.95 81.60 20200912162605.00
-1.83 81.62 20200912125734.00
-1.71 81.66 20200912092849.00
-1.71 81.67 20200912060030.00
-1.46 81.68 20200911230319.00
-1.33 81.68 20200911193426.00
-0.82 81.66 20200911123658.00
-0.70 81.66 20200911090811.00
-0.44 81.66 20200911053856.00
-0.19 81.66 20200911021007.00
-0.06 81.66 20200910224030.00
0.06 81.68 20200910191144.00
0.19 81.68 20200910154315.00
0.57 81.73 20200910084526.00
0.58 81.75 20200910051517.00
0.83 81.77 20200910014728.00
1.75 81.86 20200909045447.00
2.02 81.88 20200908124204.00
2.02 81.91 20200908091330.00
2.02 81.91 20200908054410.00
2.15 81.91 20200908021548.00
2.43 81.95 20200907161537.00
2.55 81.93 20200907124710.00
2.70 81.96 20200907055043.00
2.95 81.94 20200906225343.00
2.96 81.96 20200906162201.00
3.08 81.94 20200906125330.00
3.10 82.00 20200906062153.00
3.80 82.07 20200905093137.00
3.92 82.05 20200905060319.00
4.31 82.02 20200904230706.00
5.76 82.19 20200903084727.00
5.77 82.21 20200903015102.00
5.77 82.21 20200903015102.00
5.83 82.28 20200902030325.00
5.83 82.28 20200901233504.00
5.95 82.26 20200901200633.00
5.85 82.32 20200901163750.00
5.84 82.30 20200901130914.00
6.10 82.28 20200901065651.00
6.10 82.28 20200901002701.00
6.14 82.33 20200831173004.00
6.22 82.26 20200831140121.00
6.64 82.27 20200831070414.00
7.02 82.23 20200831000728.00
7.05 82.26 20200830203827.00
7.27 82.20 20200830140543.00
7.62 82.14 20200830103717.00
7.77 82.16 20200830070822.00
8.02 82.13 20200830033948.00
8.02 82.13 20200830001120.00
8.11 82.10 20200829204253.00
8.32 82.04 20200829171401.00
8.89 81.95 20200829134557.00
9.36 82.01 20200829101707.00
9.73 81.99 20200829031829.00
10.19 82.03 20200828235003.00
10.35 82.05 20200828202014.00
10.53 82.08 20200828165123.00
10.74 82.04 20200828132318.00
10.89 82.05 20200828095422.00
10.97 82.10 20200828062544.00
10.99 82.12 20200827200013.00
11.23 82.10 20200827163158.00
11.39 82.11 20200827130337.00
5.77 82.21 20200903015102.00
5.95 82.26 20200902063157.00
5.83 82.28 20200902030325.00
5.83 82.28 20200901233504.00
5.95 82.26 20200901200633.00
5.85 82.32 20200901163750.00
5.84 82.30 20200901130914.00
6.14 82.33 20200831173004.00
6.22 82.26 20200831140121.00
6.64 82.27 20200831070414.00
6.88 82.23 20200831033558.00
7.02 82.23 20200831000728.00
7.05 82.26 20200830203827.00
7.27 82.20 20200830140543.00
7.77 82.16 20200830070822.00
8.02 82.13 20200830033948.00
8.11 82.10 20200829204253.00
8.32 82.04 20200829171401.00
8.89 81.95 20200829134557.00
9.36 82.01 20200829101707.00
10.19 82.03 20200828235003.00
10.35 82.05 20200828202014.00
10.53 82.08 20200828165123.00
10.74 82.04 20200828132318.00
10.97 82.10 20200828062544.00
11.02 82.14 20200828025648.00
10.99 82.12 20200827200013.00
11.23 82.10 20200827163158.00
11.39 82.11 20200827130337.00
11.55 82.13 20200827093446.00
6.21 82.07 20200830150611.00
7.56 81.94 20200829153240.00
9.26 81.92 20200828231135.00
9.54 81.93 20200828162026.00
9.69 81.95 20200828125453.00
10.10 81.96 20200828060140.00
10.21 81.94 20200827163607.00
