9.19353496823981e-06	0.000187280906963965	4.57614811863081e-05	0.000115134624805073	5.93576241691278e-05	0.000883035260306171	3.98341673980888e-05	0.000257865288407415	4.19253924187863e-05	4.01881751765818e-05	3.343374445437e-05	5.30195516607425e-06	1.75738424962679e-05	5.53377961498991e-05	1.87301796170905e-05	6.20996984938127e-06	2.92907168111598e-05	1.61689374650239e-05	0.000189899374074929	2.50037529965649e-05	0.000108612987493536	6.17938426570455e-05	0.000991830652859305	4.36976386663746e-05	0.000258561341817293
9.20887779261876e-06	8.0367031627658e-05	0.000106517710485034	7.63744450665059e-05	7.24775772362497e-05	0.000370791607113174	7.54744638005964e-05	2.43838770932864e-05	3.02108598338018e-05	2.91680929014007e-05	4.42551993203659e-05	5.99546497672179e-05	6.0988115809712e-05	4.69166488423633e-05	2.53681661830806e-05	5.12460835106659e-05	1.53075079487738e-05	9.30724261963556e-06	8.37584381876573e-05	0.000106754793041226	7.85870323532775e-05	7.19076191621929e-05	0.000399632527081833	7.56930089645065e-05	3.99243233811275e-05
2.81108675897022e-05	0.000678737565461149	5.10670998543451e-05	0.000115110137129632	8.6710381656458e-05	0.000331022725225387	0.000121935048863305	8.39380857822809e-05	1.97588410569944e-05	1.78304293962802e-05	1.06436744507087e-05	2.34669681210292e-05	2.59781449494589e-05	3.16705505881712e-05	1.15764960641341e-05	5.45771422510812e-05	2.12341149049728e-05	4.71442158166846e-05	0.000678928685566374	3.77163622192253e-05	0.000113703834671809	9.39889675842071e-05	0.000137240852760103	0.000116853465384121	8.13156251448532e-05
8.75665370951661e-05	0.000105963124508812	7.16593127702492e-05	1.8549725628238e-05	6.03528440279971e-05	0.00105770373892884	0.000193145305537192	0.000147048320219166	5.99997091235261e-05	7.69397875475372e-06	7.38663164770903e-05	3.29855185440423e-05	4.61915906044117e-05	2.36961879443953e-05	3.73292385398714e-05	9.13527039744055e-05	4.33805293364982e-05	0.000117378180199498	4.57692066265606e-05	6.12265317104418e-05	3.40347142918458e-05	6.08247706444087e-05	0.00103971218340505	0.000178039064243413	0.000138802329593637
2.62879668929491e-05	4.33613890402464e-05	1.88879741008055e-05	3.12777276007995e-05	4.57658831808392e-05	0.000466362180362081	7.56914305777448e-05	0.000160557726838318	7.47759339825638e-05	1.22356451304539e-05	9.82943538586088e-06	3.48689314318976e-06	1.07435014161868e-05	1.97856759409893e-05	2.20463846617359e-05	3.92197217103791e-05	2.59075747824507e-05	2.98357271524889e-05	0.000106376370175773	1.99845952697296e-05	3.12977109414928e-05	4.57670086802778e-05	0.000391940149514146	7.89227250669905e-05	0.000154993212707082
1.88074336145888e-05	8.62274725153987e-05	5.17977825126829e-05	1.77768648122167e-05	3.59547641825696e-05	0.000263063544607751	9.66412658269918e-05	0.000148000603210885	2.30608070367787e-05	5.75782157522565e-05	1.53385015884854e-05	4.72202839533394e-06	7.10136409153279e-05	5.08550577024525e-05	9.93788857400614e-06	5.03454424871804e-05	1.06273519939336e-05	2.01836195704069e-05	0.000100297082131389	5.58714672874179e-05	2.00902052421366e-05	3.59419859686311e-05	0.000235951492726446	8.22310132619038e-05	0.000148229142084742
1.92711333872929e-05	0.000150734647334502	1.9205577369279e-05	2.2695299767243e-05	2.22588402757778e-05	0.00024894394061219	7.96316682389232e-05	0.000115132232864705	3.4604232500406e-05	1.8245467969622e-05	2.2105478745691e-05	1.58485062528228e-05	2.63189978865825e-05	2.06557328187505e-05	1.65613759862911e-05	4.14921611641625e-05	1.61773780558348e-05	2.37536935388979e-05	0.000186278869772052	1.46065267742236e-05	1.30935195600064e-05	1.93018374876309e-05	0.000255535110339817	6.36736667395935e-05	0.000112301801736288
1.94552323253507e-05	0.000219780035643507	9.50692707236243e-06	1.99110712779527e-05	1.54864841288158e-05	0.000365671367082484	0.000101361549430209	0.000120727553700637	8.18902807192794e-05	2.54366367269503e-05	7.83682501924433e-05	1.48074669053193e-05	4.81380336845879e-05	2.11663272888601e-05	1.53225666183007e-05	4.57843209160334e-05	4.14248823310963e-05	2.0661652141518e-05	0.000264485212437057	1.02111309525196e-05	1.95526229031418e-05	1.43507101202039e-05	0.000399892997609559	9.0456288607078e-05	9.83987170728442e-05
4.31758190246277e-05	0.0001989560086973	2.21302086588261e-05	1.19538281126238e-05	2.37162634847519e-05	0.00025360911081542	0.000124012397764986	0.000140218577449144	6.09125449015467e-05	1.56350319773698e-05	2.65965161975806e-05	3.03495461415875e-05	3.02194129887055e-06	6.49339852053424e-05	5.3821369946105e-05	4.23151977894292e-05	2.50913156606962e-05	4.1366895404422e-05	0.000193013323757687	3.35528319866523e-05	1.84918008729555e-05	3.43961644185295e-05	0.000250620237791117	0.000127451581078178	0.000121643797936978
8.80797559567817e-05	0.000217192827094073	1.73773750270278e-05	1.21166958970044e-05	2.02119492428663e-05	0.000217186355952416	0.000102322061424616	0.000169243170429792	5.18725697984337e-05	7.11532729359852e-05	2.50670021102214e-05	9.81463595116615e-06	8.9746776582416e-05	2.93827306746737e-05	6.11549417785949e-05	4.86224396843711e-05	3.21487923760177e-05	6.95528745630515e-05	0.000209050826793168	1.8351454203956e-05	1.24733363435547e-05	2.76635827249912e-05	0.000207761324819905	0.000104089195730115	0.00014106136525151
0.000115422310640218	0.000240233299046354	2.15362408718119e-05	7.16060254948126e-05	3.71318839451184e-05	0.000177247621768943	6.6278744961144e-05	0.000201516190972549	6.62794348085533e-05	9.18926975480285e-05	2.55845710754415e-05	7.06810915316649e-06	4.02250113937599e-05	8.86882064863815e-05	4.69612318054496e-05	3.32892083727804e-05	3.75894403283208e-05	9.83403456774429e-05	0.000238838923470993	2.19722329215922e-05	5.65231923107541e-05	2.78562144419876e-05	0.000175855302854412	0.000100290035411816	0.000168224924253058
0.000103421162772393	0.000682067133569373	5.37448007870677e-05	0.000141482152646715	3.21505025826989e-05	0.000379952813369168	0.000156080801140594	0.000182716917552275	6.38847061890549e-05	0.000113355429146621	3.50393318757479e-05	2.39457892737648e-05	4.44537794926146e-05	0.000243653771639541	3.28959608019208e-05	0.000146132104819937	2.46327133348292e-05	9.13749828201033e-05	0.000687381970664218	7.85604233286273e-05	9.8486809542908e-05	2.79338491653661e-05	0.000328947241279296	0.000156774539996502	0.00014248544874466
8.82438792863176e-05	0.000737239614031756	0.000134557575865255	0.000210275753479749	7.64290904630422e-05	0.000501008481215278	0.000226772480488948	0.000212750714080592	5.89988495065873e-05	0.000111076737777314	2.1201237367837e-05	3.99974129213085e-05	2.98495867390126e-05	0.000139192707065822	3.80301182014777e-05	5.19792671366575e-05	7.7798602587001e-06	9.48437324682841e-05	0.000749439605445098	0.000174437287919462	0.000206577381481528	7.4529683791171e-05	0.000392908399219204	0.000210344906691418	0.000236747251861966
5.99240951085318e-05	0.000750644214270013	0.000208143513697203	0.000268695770624102	0.000130579217262181	0.000550919667962867	0.000180743631324046	0.000258022425913891	NaN	7.38853959219163e-05	1.15837185644967e-07	6.06832656540759e-06	6.76123300713112e-05	0.00020569820425704	7.77593881513385e-05	5.66776938241225e-05	8.08961200957619e-07	7.18632549043753e-05	0.000756977798423681	0.00021154885267262	0.000290610000752697	0.000119821490878395	0.000498861855768734	0.000143163896514217	0.000282193470947289
4.54356671683023e-05	0.000762813699070341	0.000265311729185058	0.000120329466256526	NaN	0.000201683460237933	8.97792421759298e-05	0.000204360838293687	3.79747415625648e-05	9.31087516671761e-05	6.56999174106732e-06	2.1648364279389e-05	0.000157645623219921	0.000199119294873025	2.52375331968591e-05	4.42850986311171e-05	5.7559784728845e-05	4.54752852747991e-05	0.000768644963664364	0.000181638191291868	0.000163377281661431	0.000105923939552019	0.000355876956327733	0.000100804620613485	0.000204388124641583
2.92151330384772e-05	0.000757276491393747	0.000389623279361988	NaN	3.77600771883106e-05	NaN	NaN	0.000148333706570104	3.84653233084337e-05	1.69674695622146e-05	9.27251242002344e-06	3.94890772557706e-05	0.000101527129522359	0.000186094172247805	8.22100690126557e-05	0.000104812165969496	6.11194495225269e-05	4.19053580908215e-05	0.000771992322975144	0.000435938245651455	NaN	6.7073679654909e-05	0.000502890734812186	0.000129074181689697	0.0001840960620927
3.09404351730556e-05	0.000734189560370831	0.000407123183430208	0.000119553464160981	4.04099053420602e-05	0.000572903105466324	8.36339260822156e-05	0.000128459473612926	6.11472243138423e-05	0.000156888766785941	5.97087730248282e-06	3.09154349048452e-05	4.79497482860415e-05	0.000176460032296667	2.83115244140817e-05	7.92968764627707e-05	1.92410232499666e-06	5.03120928144098e-05	0.000762262883494027	0.000439498551103249	NaN	6.54540299536612e-05	0.000708607017422224	0.00010656855859203	0.000169741896346045
5.04802830752188e-05	0.000635852734139007	0.000378215606661617	0.000452438432929362	5.25077535481353e-05	0.000423572890923456	5.80833732394444e-05	0.000180750034601084	2.98441148647014e-05	6.32726622981808e-05	2.39944825371934e-06	7.21272964656517e-05	6.49535545994085e-05	0.000145070664063336	2.1320316418026e-05	0.000146219690754693	9.58165285477439e-06	6.75694115921224e-05	0.000665530154667804	0.000367617311611318	NaN	5.45655237388085e-05	0.000363276703955734	9.02704596008777e-05	0.000212041462723588
NaN	0.000516089582905338	0.000301782672058058	0.000487408114099463	6.7568727626158e-05	0.000538895802473366	3.84978536520325e-05	NaN	4.274308374706e-05	8.85082339916015e-06	8.47017072100523e-06	5.26345929351736e-05	0.000158947519160765	0.000262835382825549	2.69046926818023e-05	0.0001344927848739	1.5494704340457e-05	7.47655501778961e-05	0.000551092085219484	0.000277278808995643	0.000544694882836959	5.13789181551623e-05	0.000574846748535811	0.000110490008141405	0.000143590738671987
NaN	0.000241011691642385	0.000167452297164147	0.000481292806747286	6.42519339758644e-05	0.000755476153793126	0.000104875235929786	7.78353352517925e-05	3.91983786163829e-05	1.43744602417872e-05	4.67421610254339e-05	2.8263647242668e-05	0.000125555735754652	5.9644918151465e-05	3.36445706594924e-05	8.35578233454234e-05	6.00681690990686e-06	6.20073619530431e-05	0.000364667738978557	0.000167317515813353	NaN	2.51103988945268e-05	0.000652264006953651	2.28882502279405e-05	0.000103580231768602
NaN	0.000160133012040107	0.000312117068894801	0.00049273120917386	0.000107637449606746	0.000853245269069064	0.000225652410664818	0.000137107301832892	3.73651219914815e-05	8.43800029093553e-06	3.32444110132366e-05	3.35523987117733e-05	0.000104353694757237	6.48780550954125e-05	2.42729549897835e-05	4.52020054402696e-05	1.07953238324478e-05	NaN	0.000361452355474896	8.51187230008136e-05	NaN	8.69507777372456e-05	0.000616653150686182	7.57468234826164e-05	8.65254285375155e-05
NaN	4.54200591569427e-05	0.000193667748722576	0.000307366817925882	NaN	0.000704523052381317	0.00022893900019834	NaN	1.49879587417954e-05	9.64095808429358e-06	9.47208889998168e-06	3.50202805232077e-05	7.88323194292605e-05	7.17236398899285e-05	2.24899467627355e-05	3.91459599228205e-06	6.98981993970254e-07	NaN	0.000388016900801943	2.21685577892087e-05	0.000304878030514531	NaN	0.000461899660952539	8.66048100620097e-05	NaN
NaN	0.00030362616049233	0.000158699587699944	NaN	NaN	0.000482196014302451	0.000211291469902464	NaN	2.02656808744791e-05	3.4718237092143e-05	3.1654679883671e-05	5.2674291395585e-05	0.000106723817599364	7.07568283491573e-05	1.92070446655878e-05	1.00909044471101e-05	2.62053368565903e-06	NaN	0.000112440529724649	6.16505316213898e-05	NaN	NaN	NaN	2.28621509927482e-05	NaN
NaN	0.000387809349960233	NaN	NaN	0.000344931369109915	NaN	0.000162621649999675	NaN	NaN	5.33273974196354e-05	NaN	NaN	2.08992207663919e-05	NaN	NaN	2.05995214816846e-05	1.88221661849051e-05	NaN	7.64705670878519e-06	NaN	NaN	0.00032760063460488	0.000373801786106563	7.43138812829472e-05	NaN
NaN	0.000409532493481842	NaN	NaN	NaN	NaN	NaN	NaN	NaN	NaN	NaN	NaN	NaN	NaN	NaN	4.48449644811896e-06	1.58116149440237e-05	2.74567525088312e-05	6.58194300971895e-05	NaN	NaN	NaN	NaN	NaN	NaN
